55
0 14 5 43 16 35 42 7 25 18 33 52 29 41 22 50 26 48 46 45 15 20 39 19 24 30 23 40 36 1 28 21 8 53 49 31 10 4 47 9 6 32 54 
1 43 4 15 51 36 46 18 35 33 38 13 8 23 41 3 52 47 54 11 14 16 19 49 0 24 40 53 27 25 5 37 34 10 29 
2 33 14 42 35 30 48 28 10 31 12 47 38 39 40 6 7 32 15 16 29 17 20 3 52 45 26 4 37 36 25 8 49 43 11 
3 53 10 32 50 48 13 47 8 16 44 38 33 7 28 20 26 46 1 21 12 24 19 27 45 25 4 30 29 51 49 36 34 35 2 42 54 9 39 37 6 31 23 41 11 
4 1 23 39 11 21 25 30 16 18 49 12 38 40 17 32 31 36 52 34 19 3 13 44 6 35 37 26 43 24 53 29 9 45 22 33 2 42 7 27 0 54 46 15 41 
5 0 15 43 23 19 28 16 33 39 32 14 21 22 35 54 25 36 11 50 30 9 45 12 47 26 10 7 29 42 8 1 52 13 27 6 18 51 41 
6 41 32 13 30 45 14 24 20 53 9 7 2 51 28 4 42 50 35 29 8 34 38 39 37 21 16 10 22 44 23 33 19 31 47 3 11 48 49 0 27 46 5 36 17 
7 23 34 51 10 41 0 32 53 47 39 33 3 9 20 37 6 2 43 25 30 49 31 8 5 14 19 15 42 27 28 4 12 38 13 
8 18 21 28 37 49 52 3 24 1 13 14 23 38 20 42 31 15 30 6 7 22 10 34 16 5 50 0 35 19 12 26 33 48 39 25 40 44 2 
9 39 25 17 10 44 5 48 11 43 7 6 32 16 42 15 27 26 33 12 36 45 47 35 22 20 50 4 49 52 24 51 3 46 41 29 31 23 0 38 19 
10 3 37 7 27 31 15 50 49 2 48 38 34 22 13 9 21 28 47 30 33 46 42 23 26 5 32 19 35 17 12 52 25 8 20 11 24 53 29 0 6 40 18 51 45 39 1 36 41 
11 27 35 19 36 4 47 44 30 5 37 39 18 49 33 9 40 21 38 42 12 16 23 31 14 13 1 26 10 6 24 34 53 54 15 3 43 2 17 
12 28 13 30 43 2 45 18 14 40 24 48 4 38 47 11 5 3 29 27 25 42 50 10 9 49 36 46 22 51 32 8 26 52 23 17 21 37 44 7 16 41 19 
13 12 16 37 39 53 6 29 28 14 48 3 42 10 1 8 52 18 31 27 44 19 40 15 30 26 21 22 35 25 47 4 36 43 11 17 32 7 41 24 5 20 38 
14 2 0 28 39 44 50 35 5 6 13 12 27 29 40 37 42 19 8 11 16 15 26 43 18 23 34 1 7 22 46 52 51 47 49 48 20 21 36 33 24 53 30 
15 5 29 25 1 10 49 33 22 34 31 0 30 24 43 54 23 44 13 46 53 19 9 36 8 35 14 47 39 27 28 2 16 21 7 38 50 20 52 18 48 42 26 11 17 32 4 
16 13 30 28 20 0 21 36 5 42 19 31 3 25 48 4 39 52 9 32 11 14 34 40 23 15 44 27 2 8 1 37 45 6 50 35 46 12 29 47 51 17 38 41 24 49 33 
17 52 48 33 54 21 49 41 9 31 46 4 23 34 42 32 10 22 47 53 13 50 2 39 12 19 36 25 37 26 29 6 16 15 44 11 20 
18 48 8 47 0 45 1 36 12 23 13 25 28 11 4 54 39 49 42 20 24 14 31 19 22 29 40 52 33 41 26 10 15 5 53 50 37 44 51 
19 24 51 23 5 52 25 26 11 29 40 16 43 32 14 20 13 39 0 30 46 3 41 4 15 28 10 38 18 7 35 1 49 33 8 6 22 12 48 47 17 45 50 9 53 
20 54 44 16 51 21 49 50 34 25 23 39 29 32 0 7 31 8 19 6 3 24 35 42 18 10 40 22 9 2 33 53 15 41 38 14 52 45 13 17 26 
21 8 28 53 20 16 38 34 36 29 39 5 4 46 26 47 31 42 17 10 50 27 11 13 3 23 44 49 15 54 0 12 6 33 37 25 45 48 14 35 52 
22 47 26 15 29 27 45 40 25 0 10 31 5 48 49 50 39 28 13 54 46 33 38 18 32 9 17 30 14 12 8 42 20 4 51 6 53 19 43 23 24 
23 50 7 4 37 5 19 20 36 45 34 33 18 8 1 17 28 15 44 24 30 51 49 41 26 11 27 38 40 47 10 42 25 0 21 16 14 32 43 12 52 31 39 6 48 3 9 54 22 
24 37 19 36 26 8 51 44 42 12 15 28 6 0 38 41 20 43 23 18 25 47 3 35 31 50 4 9 1 45 34 10 49 14 13 11 48 30 29 16 33 22 32 
25 9 52 19 15 49 30 0 36 50 37 4 31 26 27 22 20 5 18 39 16 29 7 53 51 24 13 12 45 43 35 23 3 54 28 10 33 41 42 47 44 40 21 2 1 38 17 34 46 48 8 
26 22 39 45 19 24 50 21 25 0 44 46 27 3 48 41 13 23 38 10 5 42 9 14 4 32 11 34 33 12 53 2 52 30 35 49 8 18 28 29 17 15 36 20 47 
27 30 11 10 52 54 31 29 45 25 44 42 22 14 41 26 13 33 21 43 50 23 12 9 3 53 15 36 16 35 38 49 7 1 47 39 28 5 4 6 32 37 34 
28 21 12 44 48 5 16 38 14 33 8 13 2 18 43 3 10 23 24 39 53 36 22 6 47 37 19 15 30 25 40 0 42 7 52 27 31 26 41 32 34 
29 15 41 46 21 22 53 0 13 36 27 45 19 52 14 20 47 12 25 35 34 3 42 31 32 2 6 5 38 40 4 50 49 10 37 16 18 1 26 17 9 24 39 
30 16 27 25 12 6 2 11 54 5 4 15 42 13 53 31 10 23 47 7 36 34 19 8 3 33 0 39 51 28 35 32 22 52 26 40 48 46 38 14 24 
31 33 27 10 25 2 13 22 39 16 21 47 15 44 20 17 4 30 8 46 24 11 18 29 7 32 42 38 54 36 37 23 49 53 28 0 48 51 34 6 9 3 
32 6 47 5 3 37 7 33 46 49 19 42 20 9 4 45 16 10 34 29 17 36 50 31 2 38 40 22 23 13 30 12 26 35 53 27 28 39 54 44 15 24 0 
33 31 2 51 17 5 28 0 15 53 1 34 23 3 32 47 7 11 48 46 27 10 43 9 30 49 45 25 22 20 54 26 19 8 4 52 21 18 6 39 14 24 42 16 44 
34 7 38 20 21 10 47 23 33 53 15 35 37 42 30 29 54 16 4 32 17 14 43 40 52 3 8 24 6 46 26 1 31 28 25 27 11 
35 11 53 39 0 2 45 1 14 5 50 38 49 37 41 20 34 13 42 40 29 25 24 6 4 10 15 30 54 19 9 8 3 44 27 26 32 48 16 46 21 
36 40 46 11 16 21 24 25 1 53 29 23 18 43 5 49 4 30 28 45 38 13 15 9 54 12 32 31 27 0 3 14 2 17 47 26 10 41 6 42 44 
37 10 24 23 40 8 13 25 32 11 14 43 47 39 35 45 42 34 7 49 41 4 28 6 50 51 16 2 31 29 44 21 12 38 1 17 3 18 27 
38 34 49 40 44 21 28 1 10 2 35 46 3 4 39 11 8 24 12 53 45 26 41 36 23 31 32 22 54 29 19 6 47 27 15 20 42 43 7 52 37 30 25 16 50 13 9 
39 26 9 14 35 13 50 21 4 48 5 54 41 42 31 7 25 52 20 16 53 0 2 47 11 38 46 49 37 22 19 18 28 15 30 3 6 23 17 44 27 51 33 8 10 29 32 
40 44 36 37 38 19 22 14 45 2 12 11 52 13 4 23 35 28 16 32 34 20 0 50 29 1 41 18 25 47 30 51 10 8 54 
41 29 6 49 7 39 44 27 0 1 17 35 54 45 24 37 26 19 23 38 51 46 43 40 25 9 20 13 18 28 12 53 42 10 36 4 16 5 3 47 48 
42 51 54 0 2 48 53 13 43 24 27 14 16 49 39 47 21 30 32 37 8 10 46 9 11 35 34 18 20 17 23 29 26 6 12 44 31 28 22 7 5 25 45 50 3 38 4 41 15 33 36 
43 45 1 48 5 12 0 42 53 28 36 19 47 15 37 52 9 33 27 7 24 41 25 4 14 34 50 23 13 22 38 11 2 
44 20 40 38 28 50 49 41 14 27 24 26 11 3 47 31 9 13 48 23 15 21 4 16 42 25 35 37 39 12 6 17 32 36 8 33 18 
45 49 43 35 26 27 18 12 6 22 29 40 23 5 0 38 37 46 41 54 32 25 36 3 52 33 9 42 24 51 4 16 2 21 47 10 19 53 20 
46 36 50 1 29 51 21 0 38 32 53 39 26 17 33 31 45 47 10 42 3 19 15 22 41 14 12 49 34 16 9 52 30 25 35 4 6 
47 32 22 11 18 34 3 43 2 44 7 29 21 31 42 37 33 10 39 12 50 30 46 5 49 13 24 28 1 52 23 9 15 17 53 38 25 27 14 45 40 6 16 0 19 36 51 26 41 
48 17 18 28 43 2 39 10 42 13 3 16 0 33 12 44 9 26 22 23 35 30 14 19 31 15 21 24 6 49 8 52 25 41 54 
49 38 45 15 53 20 25 10 41 44 8 35 42 17 32 4 11 22 39 52 36 47 37 23 18 54 33 3 12 50 7 19 1 9 21 24 46 0 27 14 26 29 31 6 48 2 16 
50 46 23 39 20 26 10 3 44 14 25 35 0 21 5 27 22 47 54 12 6 32 24 43 49 9 40 8 17 15 42 37 51 16 29 19 52 38 18 
51 19 42 20 7 1 33 24 46 25 23 41 6 30 3 54 9 50 12 14 45 22 37 31 40 16 39 47 10 18 5 
52 25 17 27 19 8 0 13 29 53 39 40 43 1 49 4 16 45 47 34 10 2 9 28 14 26 12 23 30 15 33 20 18 5 38 50 46 21 48 
53 35 3 49 21 29 13 42 54 7 36 43 33 46 52 39 34 30 6 28 38 15 25 4 27 47 17 26 0 32 1 31 10 22 20 18 41 11 45 19 14 
54 42 20 17 27 53 39 30 5 41 15 50 18 1 45 34 22 36 49 35 25 38 31 33 21 3 51 40 4 32 11 48 23 0 
55
0 5 14 16 43 25 35 42 7 18 33 29 52 22 41 26 50 48 46 39 45 15 20 24 19 30 23 36 40 28 1 8 21 49 53 31 10 47 4 6 9 54 32 
1 4 43 51 15 46 36 35 18 38 33 13 8 41 23 52 3 47 54 14 11 0 16 19 49 40 24 27 53 34 25 29 5 37 10 
2 14 33 35 42 30 48 10 28 12 31 38 47 40 39 6 7 32 15 29 16 52 17 20 3 26 45 37 4 25 36 43 8 49 11 
3 10 53 50 32 48 13 8 47 44 16 38 33 28 7 26 20 1 46 12 21 19 24 27 45 25 4 30 29 49 51 39 36 34 35 2 42 54 9 6 37 23 31 41 11 
4 23 1 39 11 25 21 16 30 38 18 49 12 31 40 17 32 52 36 19 34 3 13 44 6 35 37 53 26 43 24 29 9 22 45 2 33 42 7 0 27 41 54 46 15 
5 15 0 43 23 19 28 33 16 32 39 21 14 35 22 25 54 11 36 30 50 45 9 47 12 26 10 29 7 8 42 1 52 27 13 18 6 41 51 
6 32 41 13 30 14 45 20 24 9 53 7 2 51 28 4 42 50 35 37 29 8 34 38 39 16 21 10 22 44 23 33 19 47 31 11 3 5 48 49 0 27 46 17 36 
7 10 23 34 51 0 41 53 32 39 47 20 33 3 9 37 6 2 43 30 25 31 49 5 8 19 14 42 15 28 27 4 12 38 13 
8 21 18 37 28 52 49 24 3 1 13 23 14 20 38 31 42 15 30 10 6 7 22 35 34 16 5 50 0 12 19 33 26 39 48 40 25 2 44 
9 25 39 5 17 10 44 7 48 11 43 32 6 42 16 15 27 26 33 47 12 36 45 22 35 24 20 49 50 4 52 3 51 46 41 31 29 0 23 19 38 
10 37 3 27 7 15 31 49 50 48 2 13 38 34 22 21 9 47 28 33 30 46 42 23 26 5 32 19 35 12 17 52 25 20 8 24 11 29 53 0 6 18 40 1 51 45 39 41 36 
11 35 27 36 19 4 47 37 44 30 5 33 39 18 49 38 9 40 21 12 42 16 23 14 31 1 13 10 26 24 6 53 34 15 54 17 3 43 2 
12 13 28 43 30 45 2 14 18 24 40 4 48 47 38 29 11 5 3 25 27 42 50 9 10 36 49 46 22 23 51 32 8 26 52 21 17 37 44 7 16 41 19 
13 16 12 39 37 53 6 28 29 42 14 31 48 3 10 52 1 8 18 44 27 40 19 30 15 21 26 25 22 35 47 4 36 11 43 17 32 7 41 5 24 38 20 
14 0 2 39 28 50 44 13 35 5 6 42 12 27 29 40 37 8 19 16 11 18 15 26 43 34 23 7 1 22 46 51 52 49 47 48 20 36 21 24 33 30 53 
15 29 5 49 25 1 10 33 22 31 34 30 0 43 24 13 54 39 23 44 46 53 19 14 9 36 8 35 47 2 27 28 16 7 21 50 38 20 52 48 18 26 42 4 11 17 32 
16 30 13 20 28 21 0 5 36 19 42 3 31 25 48 39 4 9 52 32 11 34 14 23 40 15 44 2 27 1 8 45 37 50 6 35 46 12 29 51 47 38 17 24 41 33 49 
17 48 52 54 33 9 21 49 41 46 31 23 4 34 42 10 32 22 47 53 13 2 50 12 39 37 19 36 25 26 29 16 6 44 15 20 11 
18 8 48 47 0 1 45 12 36 13 23 28 25 4 11 39 54 24 49 31 42 20 14 22 19 29 40 52 33 41 26 15 10 53 5 37 50 51 44 
19 51 24 23 5 25 52 11 26 29 40 43 16 14 32 13 20 0 39 46 30 15 3 41 4 28 10 35 38 18 7 49 1 8 33 6 22 12 48 17 47 50 45 53 9 
20 44 54 51 16 49 21 34 50 23 25 29 39 31 32 0 7 3 8 19 6 24 35 42 18 40 10 9 22 33 2 53 15 41 38 14 52 26 45 13 17 
21 28 8 38 53 20 16 39 34 36 29 4 5 26 46 31 47 50 42 17 10 11 27 3 13 23 44 15 49 0 54 6 12 33 37 25 45 14 48 52 35 
22 26 47 15 29 10 27 25 45 40 0 5 31 49 48 39 50 13 28 46 54 33 38 8 18 32 9 20 17 30 14 12 42 51 4 6 53 19 43 24 23 
23 7 50 37 4 5 19 36 20 18 45 34 33 1 8 28 17 15 44 30 24 49 51 40 41 27 26 11 38 47 10 42 25 0 21 14 16 43 32 39 12 52 31 6 48 9 3 22 54 
24 19 37 26 36 42 8 51 44 15 12 6 28 38 0 31 41 23 20 43 18 3 25 47 35 4 50 34 9 1 45 49 10 13 14 48 11 29 30 32 16 33 22 
25 52 9 15 19 31 49 30 0 36 50 37 4 27 26 20 22 18 5 39 16 7 29 51 53 24 13 35 12 45 43 23 3 10 54 28 33 42 41 44 47 40 21 1 2 17 38 46 34 8 48 
26 39 22 19 45 50 24 25 21 44 0 27 46 48 3 13 41 23 38 10 5 42 9 4 14 11 32 33 34 53 12 52 2 8 30 35 49 18 28 29 17 36 15 47 20 
27 31 30 11 10 52 54 45 29 22 25 44 42 41 14 13 26 21 33 50 43 12 23 9 3 15 53 16 36 7 35 38 49 47 1 28 39 4 5 32 6 34 37 
28 12 21 14 44 16 48 5 38 8 33 2 13 43 18 10 3 24 23 53 39 22 36 6 47 37 19 40 15 30 25 42 0 52 7 31 27 26 41 34 32 
29 41 15 21 46 22 53 13 0 27 36 45 19 14 52 47 20 25 12 34 35 3 42 32 31 6 2 38 5 40 4 49 50 37 10 16 18 9 1 39 26 17 24 
30 27 16 12 25 6 2 54 11 4 5 42 15 53 13 10 31 47 23 19 7 36 34 8 3 33 0 51 39 35 28 32 22 26 52 40 48 38 46 24 14 
31 33 27 10 25 2 13 22 39 16 21 47 15 44 20 17 4 30 8 46 24 11 18 29 7 36 32 42 38 54 37 23 49 53 28 51 0 48 34 6 9 3 
32 47 6 3 5 7 37 33 46 20 49 19 42 4 9 45 16 10 34 17 29 50 36 31 2 38 40 23 22 13 30 26 12 53 35 28 27 54 39 44 15 24 0 
33 2 31 17 51 28 5 0 15 1 53 3 34 23 32 7 47 48 11 27 46 43 10 9 30 45 49 25 22 54 20 19 26 4 8 52 21 18 6 14 39 42 24 44 16 
34 38 7 21 20 47 10 33 23 15 53 35 37 30 42 4 29 54 16 32 17 43 14 40 52 6 3 8 24 26 46 31 1 11 28 25 27 
35 53 11 0 39 45 2 14 1 50 5 49 38 41 37 20 34 42 13 24 40 29 25 6 4 10 15 54 30 3 19 9 8 27 44 32 26 48 16 21 46 
36 46 40 16 11 24 21 1 25 29 53 18 23 5 43 4 49 28 30 38 45 13 15 54 9 3 12 32 31 27 0 2 14 47 17 6 26 10 41 44 42 
37 24 10 40 23 13 8 32 25 14 11 47 43 35 39 42 45 34 7 41 49 4 28 31 6 50 51 16 2 44 29 21 12 38 1 3 17 27 18 
38 44 34 49 40 28 21 10 1 35 2 46 3 39 4 8 11 45 24 12 53 26 41 23 36 31 32 22 54 19 29 15 6 47 27 20 42 43 7 52 37 25 30 50 16 9 13 
39 26 9 14 35 13 50 21 5 4 48 54 41 42 31 7 20 25 52 16 53 0 2 47 11 38 46 49 37 22 19 18 28 15 30 3 6 23 17 44 27 51 33 8 10 29 32 
40 36 44 38 37 19 22 45 14 12 2 52 11 4 13 35 23 16 28 32 34 0 20 50 29 41 1 18 25 47 30 10 51 54 8 
41 6 29 7 49 44 39 0 27 17 1 54 35 24 45 26 37 23 19 38 51 43 46 25 40 9 20 13 18 28 12 3 53 42 10 36 4 16 5 48 47 
42 54 51 2 0 53 48 39 13 43 24 27 14 16 49 21 47 32 30 8 37 10 46 11 9 34 35 18 20 17 23 29 26 6 12 44 31 22 28 5 7 3 25 45 50 38 4 15 41 36 33 
43 48 45 1 5 0 12 53 42 47 28 36 19 37 15 9 52 27 33 7 24 25 41 14 4 50 34 13 23 22 38 11 2 
44 28 20 40 38 49 50 14 41 24 27 11 26 47 3 9 31 48 13 23 15 21 4 16 42 35 25 39 37 12 6 32 17 18 36 8 33 
45 43 49 26 35 18 27 6 12 22 29 23 40 0 5 37 38 41 46 54 32 36 25 3 52 9 33 24 42 2 51 4 16 21 47 19 10 20 53 
46 50 36 29 1 21 51 0 38 32 53 26 39 33 17 15 31 45 47 3 10 42 19 41 22 14 12 34 49 16 9 30 52 6 25 35 4 
47 22 32 11 18 3 34 7 43 2 44 21 29 42 31 33 37 39 10 50 12 46 30 49 5 13 24 28 1 52 23 15 9 17 53 25 38 14 27 45 40 16 6 51 0 19 36 41 26 
48 18 17 28 43 2 39 42 10 13 3 16 0 9 33 12 44 22 26 23 35 30 14 19 31 21 15 8 24 6 49 25 52 54 41 
49 45 38 53 15 25 20 41 10 8 44 42 35 32 17 11 4 39 22 18 52 36 47 37 23 7 54 33 3 12 50 21 19 1 9 27 24 46 0 31 14 26 29 48 6 16 2 
50 23 46 10 39 20 26 25 3 44 14 0 35 5 21 22 27 54 47 12 6 49 32 24 43 9 40 17 8 42 15 51 37 29 16 52 19 18 38 
51 42 19 7 20 33 1 46 24 23 25 41 6 3 30 12 54 9 50 37 14 45 22 39 31 40 16 10 47 5 18 
52 17 25 19 27 0 8 29 13 53 39 43 40 49 1 16 4 45 47 34 10 9 2 14 28 12 26 30 23 15 33 20 18 5 38 46 50 48 21 
53 3 35 21 49 29 13 54 42 36 7 33 43 46 52 34 39 6 30 38 28 25 15 27 4 47 17 0 26 1 32 10 31 22 20 14 18 41 11 45 19 
54 20 42 27 17 39 53 5 30 15 41 18 50 1 45 22 34 49 36 25 35 38 31 21 33 51 3 4 40 11 32 23 48 0 
